TT	PID	AT	CT	IO_D	WT	RT	TRT
12	7  	6 	35	0   	2 	-1 	6
14	5  	5 	9 	0   	0 	0 	9
16	1  	1 	15	0   	0 	0 	15
16	4  	4 	6 	0   	5 	5 	12
18	8  	11	4 	0   	3 	3 	7
19	10 	14	3 	0   	2 	2 	5
24	11 	16	6 	0   	2 	2 	8
26	9  	12	2 	0   	11	10	14
28	12 	17	9 	0   	2 	2 	11
29	1047 	27	1 	0   	1 	1 	2
29	1047 	27	1 	0   	1 	1 	2
36	6  	6 	10	0   	20	20	30
50	16 	42	8 	0   	0 	0 	8
51	1048 	49	1 	0   	1 	1 	2
51	1048 	49	1 	0   	1 	1 	2
51	15 	31	15	0   	5 	5 	20
53	2  	2 	8 	0   	42	14	51
55	14 	21	8 	0   	24	8 	34
57	3  	3 	20	0   	25	0 	54
60	13 	19	14	0   	15	9 	41
73	17 	53	20	0   	0 	0 	20
76	1049 	70	3 	0   	3 	3 	6
76	1049 	70	3 	0   	3 	3 	6
77	18 	64	6 	0   	1 	7 	13
85	19 	75	9 	0   	1 	1 	10
103	1050 	76	9 	0   	17	9 	27
100	1051 	79	6 	0   	10	6 	21
98	20 	80	10	0   	7 	0 	18
100	1051 	79	6 	0   	10	6 	21
103	1050 	76	9 	0   	17	9 	27
115	22 	111	4 	0   	0 	0 	4
122	25 	116	6 	0   	0 	0 	6
126	24 	115	4 	0   	6 	4 	11
134	32 	126	8 	0   	0 	0 	8
135	21 	100	35	0   	0 	0 	35
238	1052 	100	35	0   	88	35	138
278	1053 	110	25	0   	86	25	168
140	33 	128	6 	0   	6 	6 	12
142	23 	113	8 	0   	20	0 	29
150	35 	131	8 	0   	11	11	19
154	40 	133	4 	0   	16	14	21
156	28 	121	8 	0   	27	6 	35
165	36 	132	9 	0   	24	24	33
168	29 	122	9 	0   	35	11	46
238	1054 	135	35	0   	0 	0 	103
307	1055 	138	32	0   	51	32	169
279	1056 	139	31	0   	84	31	140
178	30 	123	10	0   	45	45	55
181	43 	135	9 	0   	36	13	46
195	34 	130	14	0   	51	51	65
203	27 	119	14	0   	56	1 	84
237	31 	124	35	0   	71	16	113
238	1052 	100	35	0   	88	35	138
238	1054 	135	35	0   	0 	0 	103
307	1055 	138	32	0   	51	32	169
279	1056 	139	31	0   	84	31	140
239	46 	137	7 	0   	75	33	102
256	1057 	241	5 	0   	0 	0 	15
256	1058 	245	1 	0   	1 	1 	11
256	1058 	245	1 	0   	1 	1 	11
256	45 	136	5 	0   	50	34	120
256	1057 	241	5 	0   	0 	0 	15
256	1058 	245	1 	0   	1 	1 	11
273	26 	117	9 	0   	25	52	156
278	1053 	110	25	0   	86	25	168
279	1056 	139	31	0   	84	31	140
307	1055 	138	32	0   	51	32	169

Processes: 67
Ave WT = 23, 	Ave RT = 11, 	Ave TRT = 49
Migration %: 	RTF = 28%, 	MaxW = 73%
Work Steal%: 65%
Forked Process: 17%
Killed Process: 4%

Processors:3 [1 FCFS, 1 SJF, 1 RR]
Processors Load
p1=4.38066%, 	p2=8.24773%, 	p3=5.89124%, 	

Processors Utiliz
p1=47%, 	p2=98%, 	p3=63%, 	
Avg Utilization = 69%
