TT	PID	AT	CT	IO_D	WT	RT	TRT
16	1  	1 	15	0   	0 	0 	15
17	1031 	15	1 	0   	1 	1 	2
17	1031 	15	1 	0   	1 	1 	2
17	8  	11	4 	0   	1 	1 	6
21	10 	15	4 	0   	1 	0 	6
23	3  	3 	20	0   	0 	0 	20
87	1030 	4 	19	0   	58	19	83
24	1032 	16	7 	0   	1 	1 	8
24	1032 	16	7 	0   	1 	1 	8
29	9  	13	8 	0   	8 	8 	16
33	11 	16	6 	0   	10	3 	17
38	13 	19	14	0   	5 	5 	19
80	1033 	25	13	0   	38	13	55
41	14 	21	8 	0   	12	12	20
45	4  	4 	6 	0   	33	19	41
46	15 	31	15	0   	0 	0 	15
84	1034 	31	15	0   	34	15	53
47	1035 	38	8 	0   	1 	1 	9
73	1036 	40	7 	0   	23	7 	33
77	1037 	41	6 	0   	25	6 	36
47	1035 	38	8 	0   	1 	1 	9
73	1036 	40	7 	0   	23	7 	33
77	1037 	41	6 	0   	25	6 	36
49	2  	2 	8 	0   	36	14	47
52	12 	17	9 	0   	22	1 	35
55	5  	5 	9 	0   	38	0 	50
57	16 	42	8 	0   	2 	1 	15
57	1038 	52	5 	0   	0 	0 	5
60	1039 	54	3 	0   	3 	3 	6
62	1040 	55	2 	0   	5 	5 	7
57	1038 	52	5 	0   	0 	0 	5
60	1039 	54	3 	0   	3 	3 	6
62	1040 	55	2 	0   	5 	5 	7
59	6  	6 	10	0   	39	1 	53
60	1039 	54	3 	0   	3 	3 	6
62	1040 	55	2 	0   	5 	5 	7
81	1042 	61	1 	0   	18	16	20
77	1041 	57	6 	0   	5 	5 	20
73	1036 	40	7 	0   	23	7 	33
74	18 	64	6 	0   	4 	4 	10
77	17 	53	20	0   	4 	4 	24
151	1043 	65	12	0   	69	12	86
79	1044 	72	5 	0   	2 	2 	7
77	1037 	41	6 	0   	25	6 	36
77	1041 	57	6 	0   	5 	5 	20
79	1044 	72	5 	0   	2 	2 	7
80	1033 	25	13	0   	38	13	55
81	1042 	61	1 	0   	18	16	20
84	1034 	31	15	0   	34	15	53
87	1030 	4 	19	0   	58	19	83
88	19 	75	9 	0   	4 	4 	13
101	20 	80	10	0   	8 	8 	21
104	7  	7 	35	0   	50	0 	97
115	22 	111	4 	0   	0 	0 	4
120	24 	115	4 	0   	0 	0 	5
124	25 	116	6 	0   	1 	0 	8
128	23 	113	8 	0   	6 	0 	15
131	26 	117	9 	0   	2 	1 	14
135	21 	100	35	0   	0 	0 	35
135	1045 	107	28	0   	0 	0 	28
186	1047 	111	24	0   	39	24	75
170	1048 	124	11	0   	30	11	46
176	1046 	108	27	0   	31	27	68
135	1045 	107	28	0   	0 	0 	28
186	1047 	111	24	0   	39	24	75
170	1048 	124	11	0   	30	11	46
139	29 	131	8 	0   	0 	0 	8
143	28 	121	8 	0   	11	0 	22
147	29 	131	8 	0   	6 	0 	16
151	1043 	65	12	0   	69	12	86
156	27 	119	14	0   	14	0 	37
170	1048 	124	11	0   	30	11	46
176	1046 	108	27	0   	31	27	68
186	1047 	111	24	0   	39	24	75

Processes: 74
Ave WT = 16, 	Ave RT = 6, 	Ave TRT = 29
Migration %: 	RTF = 39%, 	MaxW = 22%
Work Steal%: 6%
Forked Process: 25%
Killed Process: 0%

Processors:5 [2 FCFS, 1 SJF, 2 RR]
Processors Load
p1=5.31577%, 	p2=3.99818%, 	p3=6.40618%, 	p4=7.22399%, 	p5=5.58837%, 	

Processors Utiliz
p1=62%, 	p2=47%, 	p3=96%, 	p4=98%, 	p5=66%, 	
Avg Utilization = 73%
